

Instance: ../Instances/CKP_Classical_Instances/25/1_70_25
RKO: IPR | 
Sol: 0.606 0.564 0.859 0.317 0.364 0.589 0.254 0.115 0.163 0.978 0.559 0.931 0.447 0.785 0.929 0.660 0.140 0.201 0.501 0.026 0.213 0.168 0.632 0.999 0.507 0.643 0.997 0.800 0.920 0.367 0.923 0.300 0.091 0.699 0.887 0.328 0.260 0.848 0.935 0.703 0.082 0.561 0.778 0.731 0.875 0.347 0.285 0.723 0.915 0.613 0.911 0.423 0.321 0.146 0.904 0.670 0.457 0.607 0.495 0.066 0.964 0.884 0.726 0.895 0.685 0.099 0.755 0.985 0.945 0.982 
ofv: -1040911.000000
Best time: 0.962
Total time:10.031 


Instance: ../Instances/CKP_Classical_Instances/25/2_70_25
RKO: IPR | 
Sol: 0.523 0.746 0.916 0.094 0.459 0.949 0.791 0.518 0.783 0.985 0.219 0.017 0.605 0.741 0.658 0.234 0.675 0.692 0.922 0.950 0.748 0.092 0.730 0.509 0.759 0.849 0.167 0.777 0.791 0.585 0.740 0.811 0.528 0.342 0.578 0.724 0.621 0.412 0.747 0.988 0.866 0.877 0.922 0.946 0.812 0.723 0.743 0.715 0.723 0.611 0.873 0.124 0.654 0.620 0.715 0.644 0.888 0.628 0.842 0.432 0.905 0.159 0.568 0.822 0.212 0.899 0.897 0.183 0.505 0.882 
ofv: -2160382.000000
Best time: 0.813
Total time:10.028 


Instance: ../Instances/CKP_Classical_Instances/25/3_70_25
RKO: IPR | 
Sol: 0.935 0.429 0.493 0.775 0.743 0.799 0.074 0.013 0.238 0.636 0.732 0.698 0.312 0.973 0.044 0.898 0.409 0.644 0.843 0.214 0.421 0.944 0.767 0.248 0.382 0.278 0.053 0.123 0.643 0.429 0.004 0.494 0.923 0.149 0.811 0.915 0.718 0.599 0.470 0.027 0.941 0.775 0.852 0.679 0.872 0.513 0.641 0.265 0.971 0.205 0.206 0.518 0.648 0.307 0.302 0.631 0.980 0.108 0.117 0.546 0.458 0.244 0.732 0.320 0.458 0.472 0.103 0.809 0.700 0.893 
ofv: -566394.000000
Best time: 1.348
Total time:10.043 


Instance: ../Instances/CKP_Classical_Instances/25/4_70_25
RKO: IPR | 
Sol: 0.824 0.724 0.830 0.101 0.746 0.569 0.081 0.746 0.078 0.872 0.071 0.918 0.841 0.111 0.910 0.157 0.639 0.342 0.567 0.695 0.899 0.772 0.799 0.843 0.186 0.912 0.803 0.924 0.127 0.749 0.950 0.647 0.475 0.537 0.895 0.575 0.751 0.507 0.782 0.400 0.785 0.401 0.541 0.230 0.947 0.851 0.636 0.786 0.589 0.951 0.962 0.450 0.776 0.835 0.923 0.006 0.580 0.505 0.204 0.883 0.963 0.656 0.304 0.390 0.735 0.812 0.619 0.541 0.736 0.711 
ofv: -1722296.000000
Best time: 0.536
Total time:10.011 


Instance: ../Instances/CKP_Classical_Instances/25/5_70_25
RKO: IPR | 
Sol: 0.244 0.142 0.941 0.745 0.623 0.601 0.662 0.235 0.945 0.458 0.891 0.767 0.754 0.521 0.858 0.151 0.755 0.799 0.206 0.746 0.464 0.752 0.136 0.323 0.552 0.665 0.706 0.945 0.594 0.870 0.580 0.441 0.890 0.904 0.146 0.681 0.983 0.283 0.776 0.438 0.658 0.923 0.902 0.936 0.752 0.919 0.966 0.372 0.132 0.532 0.991 0.590 0.997 0.147 0.998 0.771 0.752 0.871 0.909 0.833 0.706 0.271 0.379 0.632 0.947 0.797 0.867 0.575 0.808 0.724 
ofv: -1733734.000000
Best time: 0.477
Total time:10.024 


Instance: ../Instances/CKP_Classical_Instances/25/6_70_25
RKO: IPR | 
Sol: 0.953 0.962 0.940 0.999 0.636 0.991 0.022 0.816 0.654 0.536 0.160 0.126 0.528 0.685 0.167 0.973 0.620 0.686 0.821 0.162 0.606 0.538 0.224 0.820 0.587 0.749 0.618 0.765 0.828 0.841 0.940 0.489 0.547 0.472 0.587 0.598 0.123 0.821 0.718 0.720 0.657 0.492 0.668 0.647 0.550 0.238 0.860 0.157 0.834 0.687 0.340 0.566 0.691 0.907 0.854 0.353 0.882 0.002 0.683 0.784 0.959 0.365 0.656 0.634 0.928 0.580 0.331 0.178 0.803 0.970 
ofv: -1720841.000000
Best time: 0.749
Total time:10.018 


Instance: ../Instances/CKP_Classical_Instances/25/7_70_25
RKO: IPR | 
Sol: 0.484 0.997 0.690 0.912 0.703 0.977 0.620 0.856 0.793 0.125 0.022 0.884 0.319 0.568 0.146 0.786 0.897 0.361 0.516 0.776 0.871 0.585 0.979 0.434 0.284 0.697 0.673 0.609 0.600 0.327 0.114 0.990 0.841 0.285 0.812 0.007 0.071 0.819 0.968 0.801 0.596 0.658 0.725 0.843 0.724 0.480 0.010 0.013 0.544 0.516 0.091 0.975 0.730 0.744 0.781 0.290 0.548 0.489 0.855 0.990 0.861 0.592 0.382 0.513 0.718 0.797 0.202 0.966 0.317 0.774 
ofv: -1359124.000000
Best time: 0.676
Total time:10.022 


Instance: ../Instances/CKP_Classical_Instances/25/8_70_25
RKO: IPR | 
Sol: 0.488 0.077 0.237 0.339 0.147 0.467 0.657 0.085 0.029 0.690 0.651 0.967 0.859 0.347 0.664 0.357 0.191 0.985 0.830 0.399 0.285 0.860 0.249 0.334 0.131 0.010 0.973 0.001 0.809 0.489 0.072 0.389 0.793 0.128 0.398 0.995 0.242 0.849 0.127 0.113 0.027 0.430 0.816 0.548 0.317 0.414 0.211 0.997 0.941 0.213 0.877 0.389 0.993 0.604 0.830 0.396 0.219 0.619 0.236 0.423 0.509 0.777 0.628 0.631 0.075 0.936 0.136 0.796 0.040 0.260 
ofv: -286368.000000
Best time: 0.491
Total time:10.027 


Instance: ../Instances/CKP_Classical_Instances/25/9_70_25
RKO: IPR | 
Sol: 0.844 0.103 0.382 0.028 0.085 0.314 0.413 0.123 0.800 0.716 0.861 0.263 0.472 0.319 0.359 0.687 0.020 0.373 0.204 0.931 0.425 0.220 0.298 0.100 0.241 0.424 0.387 0.457 0.109 0.399 0.099 0.703 0.712 0.453 0.390 0.801 0.443 0.914 0.438 0.391 0.318 0.664 0.097 0.002 0.800 0.988 0.783 0.397 0.307 0.343 0.446 0.798 0.287 0.889 0.378 0.340 0.030 0.498 0.000 0.030 0.858 0.837 0.469 0.876 0.403 0.354 0.459 0.783 0.232 0.654 
ofv: -105419.000000
Best time: 1.391
Total time:10.017 


Instance: ../Instances/CKP_Classical_Instances/25/10_70_25
RKO: IPR | 
Sol: 0.524 0.650 0.592 0.344 0.709 0.897 0.698 0.586 0.940 0.990 0.670 0.963 0.399 0.001 0.956 0.963 0.794 0.903 0.734 0.237 0.313 0.603 0.818 0.881 0.453 0.890 0.943 0.644 0.520 0.921 0.039 0.743 0.807 0.926 0.826 0.930 0.557 0.862 0.820 0.757 0.763 0.647 0.408 0.622 1.000 0.516 0.939 0.832 0.888 0.396 0.944 0.808 0.762 0.829 0.648 0.858 0.244 0.255 0.608 0.759 0.046 0.711 0.963 0.418 0.468 0.754 0.917 0.942 0.831 0.674 
ofv: -2173561.000000
Best time: 0.217
Total time:10.017 


Instance: ../Instances/CKP_Classical_Instances/50/1_70_50
RKO: IPR | 
Sol: 0.732 0.600 0.522 0.644 0.455 0.374 0.508 0.660 0.938 0.627 0.188 0.815 0.811 0.490 0.473 0.959 0.641 0.261 0.704 0.963 0.877 0.416 0.750 0.793 0.841 0.873 0.499 0.668 0.893 0.678 0.389 0.812 0.838 0.785 0.397 0.631 0.742 0.937 0.025 0.707 0.990 0.717 0.565 0.792 0.678 0.320 0.724 0.914 0.680 0.271 0.032 0.056 0.702 0.990 0.828 0.542 0.787 0.765 0.845 0.996 0.692 0.861 0.906 0.941 0.635 0.390 0.678 0.774 0.425 0.902 
ofv: -3589421.000000
Best time: 1.007
Total time:10.019 


Instance: ../Instances/CKP_Classical_Instances/50/2_70_50
RKO: IPR | 
Sol: 0.407 0.734 0.368 0.154 0.071 0.893 0.217 0.020 0.708 0.475 0.465 0.432 0.541 0.298 0.875 0.256 0.183 0.373 0.341 0.413 0.074 0.107 0.049 0.201 0.212 0.144 0.293 0.793 0.305 0.211 0.883 0.625 0.473 0.372 0.033 0.527 0.426 0.310 0.159 0.047 0.012 0.498 0.539 0.049 0.303 0.347 0.140 0.030 0.968 0.100 0.943 0.210 0.929 0.242 0.368 0.324 0.000 0.042 0.531 0.056 0.143 0.223 0.411 0.489 0.288 0.878 0.796 0.172 0.081 0.523 
ofv: -118341.000000
Best time: 0.612
Total time:10.008 


Instance: ../Instances/CKP_Classical_Instances/50/3_70_50
RKO: IPR | 
Sol: 0.291 0.539 0.684 0.252 0.558 0.210 0.356 0.754 0.315 0.585 0.911 0.652 0.249 0.784 0.071 0.780 0.487 0.904 0.776 0.116 0.652 0.978 0.868 0.593 0.833 0.654 0.450 0.072 0.534 0.819 0.844 0.526 0.837 0.408 0.939 0.292 0.591 0.550 0.846 0.304 0.326 0.572 0.550 0.329 0.585 0.289 0.534 0.121 0.628 0.667 0.027 0.876 0.948 0.661 0.952 0.172 0.099 0.548 0.988 0.007 0.577 0.574 0.480 0.675 0.856 0.717 0.406 0.730 0.767 0.710 
ofv: -2392670.000000
Best time: 0.741
Total time:10.025 


Instance: ../Instances/CKP_Classical_Instances/50/4_70_50
RKO: IPR | 
Sol: 0.306 0.666 0.347 0.027 0.040 0.586 0.233 0.887 0.075 0.829 0.293 0.982 0.275 0.355 0.308 0.892 0.034 0.829 0.994 0.011 0.348 0.556 0.138 0.237 0.753 0.009 0.463 0.644 0.460 0.314 0.052 0.249 0.437 0.073 0.631 0.029 0.116 0.218 0.077 0.071 0.391 0.723 0.716 0.564 0.066 0.433 0.429 0.237 0.410 0.374 0.285 0.045 0.907 0.421 0.627 0.209 0.029 0.231 0.069 0.868 0.089 0.004 0.721 0.493 0.061 0.622 0.270 0.816 0.085 0.389 
ofv: 41487944.000000
Best time: 0.643
Total time:10.024 


Instance: ../Instances/CKP_Classical_Instances/50/5_70_50
RKO: IPR | 
Sol: 0.508 0.692 0.307 0.727 0.505 0.196 0.996 0.783 0.457 0.880 0.848 0.232 0.820 0.678 0.417 0.501 0.544 0.984 0.415 0.647 0.599 0.757 0.582 0.263 0.925 0.552 0.244 0.583 0.711 0.298 0.681 0.574 0.622 0.577 0.047 0.979 0.369 0.688 0.730 0.516 0.965 0.840 0.653 0.619 0.284 0.451 0.169 0.788 0.986 0.640 0.647 0.886 0.697 0.756 0.855 0.652 0.036 0.691 0.481 0.699 0.571 0.910 0.179 0.764 0.841 0.493 0.627 0.523 0.704 0.965 
ofv: -3458908.000000
Best time: 1.327
Total time:10.037 


Instance: ../Instances/CKP_Classical_Instances/50/6_70_50
RKO: IPR | 
Sol: 0.727 0.040 0.891 0.988 0.149 0.964 0.388 0.284 0.817 0.817 0.506 0.501 0.395 0.190 0.465 0.512 0.916 0.244 0.129 0.914 0.813 0.766 0.380 0.749 0.230 0.664 0.344 0.123 0.910 0.219 0.811 0.103 0.229 0.216 0.763 0.478 0.601 0.622 0.756 0.586 0.869 0.847 0.187 0.836 0.873 0.246 0.174 0.701 0.057 0.984 0.036 0.531 0.521 0.939 0.627 0.790 0.369 0.922 0.784 0.799 0.920 0.269 0.327 0.498 0.417 0.758 0.906 0.286 0.717 0.285 
ofv: -1544146.000000
Best time: 0.797
Total time:10.013 


Instance: ../Instances/CKP_Classical_Instances/50/7_70_50
RKO: IPR | 
Sol: 0.751 0.616 0.671 0.946 0.620 0.575 0.988 0.477 0.515 0.716 0.477 0.688 0.760 0.549 0.172 0.520 0.650 0.994 0.658 0.253 0.967 0.607 0.624 0.941 0.718 0.641 0.865 0.461 0.385 0.745 0.741 0.860 0.674 0.845 0.777 0.649 0.815 0.570 0.263 0.549 0.139 0.966 0.079 0.446 0.811 0.648 0.212 0.827 0.923 0.550 0.687 0.420 0.990 0.579 0.691 0.696 0.644 0.631 0.911 0.420 0.718 0.882 0.657 0.932 0.903 0.648 0.049 0.656 0.699 0.024 
ofv: -4090398.000000
Best time: 1.071
Total time:10.014 


Instance: ../Instances/CKP_Classical_Instances/50/8_70_50
RKO: IPR | 
Sol: 0.874 0.506 0.309 0.614 0.674 0.804 0.627 0.153 0.578 0.993 0.401 0.642 0.900 0.730 0.266 0.963 0.806 0.992 0.509 0.679 0.910 0.513 0.847 0.722 0.976 0.028 0.250 0.827 0.865 0.638 0.708 0.325 0.679 0.554 0.610 0.792 0.800 0.821 0.577 0.230 0.501 0.640 0.932 0.689 0.577 0.960 0.562 0.089 0.805 0.892 0.147 0.513 0.834 0.648 0.259 0.798 0.631 0.755 0.848 0.613 0.166 0.820 0.772 0.996 0.855 0.617 0.484 0.448 0.042 0.893 
ofv: -4075620.000000
Best time: 0.964
Total time:10.068 


Instance: ../Instances/CKP_Classical_Instances/50/9_70_50
RKO: IPR | 
Sol: 0.796 0.899 0.612 0.815 0.577 0.786 0.800 0.248 0.564 0.761 0.979 0.516 0.570 0.766 0.771 0.586 0.687 0.001 0.665 0.919 0.803 0.630 0.731 0.759 0.797 0.179 0.884 0.636 0.675 0.522 0.188 0.579 0.537 0.515 0.788 0.713 0.986 0.730 0.578 0.184 0.899 0.261 0.079 0.934 0.946 0.938 0.057 0.698 0.254 0.986 0.846 0.831 0.903 0.696 0.584 0.991 0.773 0.523 0.782 0.498 0.967 0.536 0.519 0.575 0.246 0.528 0.685 0.721 0.874 0.432 
ofv: -4771489.000000
Best time: 1.179
Total time:10.018 


Instance: ../Instances/CKP_Classical_Instances/50/10_70_50
RKO: IPR | 
Sol: 0.737 0.773 0.606 0.765 0.197 0.534 0.813 0.646 0.901 0.416 0.331 0.993 0.508 0.268 0.487 0.056 0.942 0.393 0.645 0.684 0.551 0.069 0.552 0.562 0.553 0.522 0.557 0.503 0.720 0.631 0.160 0.748 0.756 0.364 0.608 0.959 0.589 0.622 0.688 0.359 0.109 0.706 0.949 0.414 0.504 0.556 0.730 0.709 0.820 0.806 0.599 0.621 0.890 0.118 0.901 0.210 0.590 0.807 0.227 0.820 0.776 0.734 0.271 0.747 0.572 0.698 0.912 0.391 0.576 0.149 
ofv: -3248436.000000
Best time: 0.401
Total time:10.008 


Instance: ../Instances/CKP_Classical_Instances/75/1_70_75
RKO: IPR | 
Sol: 0.676 0.497 0.998 0.726 0.561 0.699 0.816 0.085 0.974 0.058 0.665 0.636 0.709 0.925 0.218 0.616 0.774 0.525 0.753 0.742 0.970 0.600 0.300 0.569 0.997 0.842 0.873 0.392 0.513 0.976 0.605 0.670 0.597 0.496 0.840 0.572 0.842 0.976 0.315 0.227 0.882 0.557 0.881 0.844 0.953 0.875 0.105 0.862 0.601 0.671 0.788 0.226 0.052 0.977 0.578 0.926 0.623 0.852 0.507 0.345 0.720 0.122 0.927 0.542 0.599 0.649 0.891 0.663 0.430 0.977 
ofv: -6089895.000000
Best time: 1.145
Total time:10.011 


Instance: ../Instances/CKP_Classical_Instances/75/2_70_75
RKO: IPR | 
Sol: 0.991 0.955 0.639 0.961 0.422 0.931 0.972 0.330 0.744 0.731 0.072 0.708 0.620 0.891 0.682 0.931 0.848 0.842 0.941 0.896 0.334 0.580 0.388 0.754 0.489 0.676 0.627 0.310 0.359 0.370 0.941 0.660 0.498 0.831 0.581 0.542 0.958 0.596 0.886 0.606 0.853 0.081 0.483 0.709 0.865 0.724 0.995 0.246 0.869 0.778 0.644 0.625 0.447 0.015 0.921 0.805 0.002 0.089 0.951 0.721 0.842 0.305 0.927 0.030 0.530 0.494 0.930 0.373 0.809 0.672 
ofv: -4298303.000000
Best time: 1.152
Total time:10.025 


Instance: ../Instances/CKP_Classical_Instances/75/3_70_75
RKO: IPR | 
Sol: 0.671 0.982 0.880 0.972 0.457 0.820 0.249 0.609 0.710 0.918 0.693 0.513 0.919 0.370 0.539 0.998 0.629 0.223 0.508 0.893 0.648 0.938 0.818 0.786 0.521 0.919 0.960 0.168 0.576 0.630 0.054 0.881 0.288 0.766 0.804 0.650 0.695 0.902 0.736 0.434 0.864 0.471 0.636 0.102 0.606 0.037 0.508 0.907 0.913 0.890 0.092 0.103 0.920 0.023 0.920 0.589 0.543 0.016 0.138 0.935 0.857 0.625 0.966 0.347 0.472 0.109 0.898 0.923 0.999 0.718 
ofv: -4817414.000000
Best time: 0.587
Total time:10.071 


Instance: ../Instances/CKP_Classical_Instances/75/4_70_75
RKO: IPR | 
Sol: 0.242 0.482 0.428 0.034 0.059 0.851 0.072 0.448 0.336 0.250 0.245 0.229 0.709 0.129 0.379 0.355 0.152 0.472 0.419 0.885 0.214 0.143 0.089 0.356 0.203 0.353 0.485 0.475 0.002 0.047 0.270 0.201 0.529 0.106 0.353 0.476 0.462 0.426 0.222 0.782 0.386 0.913 0.185 0.396 0.996 0.541 0.195 0.343 0.690 0.113 0.045 0.349 0.478 0.802 0.187 0.216 0.674 0.139 0.043 0.155 0.488 0.268 0.533 0.115 0.062 0.932 0.495 0.883 0.578 0.127 
ofv: 23790835.000000
Best time: 1.333
Total time:10.031 


Instance: ../Instances/CKP_Classical_Instances/75/5_70_75
RKO: IPR | 
Sol: 0.861 0.590 0.946 0.022 0.307 0.080 0.358 0.367 0.381 0.471 0.680 0.442 0.904 0.104 0.251 0.196 0.780 0.809 0.281 0.387 0.892 0.854 0.160 0.593 0.636 0.321 0.814 0.055 0.953 0.203 0.370 0.436 0.090 0.416 0.894 0.010 0.578 0.148 0.846 0.323 0.526 0.253 0.563 0.248 0.152 0.329 0.101 0.624 0.924 0.190 0.120 0.823 0.627 0.572 0.187 0.324 0.261 0.220 0.577 0.301 0.954 0.565 0.974 0.597 0.350 0.034 0.908 0.787 0.599 0.409 
ofv: -1068986.000000
Best time: 1.139
Total time:10.015 


Instance: ../Instances/CKP_Classical_Instances/75/6_70_75
RKO: IPR | 
Sol: 0.524 0.869 0.505 0.289 0.081 0.623 0.513 0.576 0.808 0.569 0.687 0.792 0.112 0.656 0.358 0.287 0.042 0.297 0.849 0.848 0.443 0.781 0.943 0.972 0.993 0.177 0.769 0.520 0.517 0.538 0.998 0.723 0.168 0.891 0.941 0.064 0.828 0.051 0.984 0.945 0.490 0.937 0.903 0.278 0.806 0.532 0.881 0.931 0.202 0.270 0.441 0.764 0.923 0.790 0.512 0.666 0.851 0.695 0.259 0.336 0.964 0.642 0.879 0.945 0.798 0.573 0.673 0.273 0.968 0.964 
ofv: -4560737.000000
Best time: 2.377
Total time:10.008 


Instance: ../Instances/CKP_Classical_Instances/75/7_70_75
RKO: IPR | 
Sol: 0.051 0.275 0.873 0.309 0.293 0.798 0.408 0.076 0.478 0.283 0.185 0.122 0.538 0.023 0.458 0.804 0.071 0.145 0.812 0.323 0.333 0.626 0.110 0.114 0.647 0.477 0.217 0.844 0.034 0.352 0.736 0.593 0.044 0.070 0.011 0.923 0.209 0.363 0.330 0.450 0.476 0.393 0.185 0.027 0.362 0.229 0.171 0.406 0.611 0.392 0.308 0.724 0.209 0.138 0.065 0.142 0.581 0.226 0.923 0.229 0.265 0.244 0.381 0.022 0.090 0.379 0.233 0.038 0.330 0.216 
ofv: 29890170.000000
Best time: 0.310
Total time:10.009 


Instance: ../Instances/CKP_Classical_Instances/75/8_70_75
RKO: IPR | 
Sol: 0.115 0.013 0.469 0.209 0.070 0.527 0.472 0.004 0.557 0.064 0.645 0.458 0.485 0.441 0.557 0.940 0.296 0.116 0.587 0.122 0.298 0.116 0.686 0.466 0.964 0.577 0.058 0.324 0.354 0.261 0.085 0.949 0.132 0.811 0.208 0.081 0.649 0.942 0.164 0.197 0.903 0.089 0.529 0.562 0.132 0.409 0.095 0.799 0.318 0.651 0.049 0.281 0.016 0.065 0.108 0.430 0.006 0.043 0.182 0.475 0.294 0.821 0.903 0.656 0.117 0.350 0.282 0.181 0.164 0.448 
ofv: 46481777.000000
Best time: 1.498
Total time:10.067 


Instance: ../Instances/CKP_Classical_Instances/75/9_70_75
RKO: IPR | 
Sol: 0.013 0.284 0.232 0.362 0.680 0.913 0.402 0.196 0.020 0.282 0.373 0.997 0.228 0.557 0.625 0.189 0.516 1.000 0.598 0.223 0.507 0.932 0.220 0.585 0.486 0.665 0.491 0.637 0.163 0.002 0.972 0.910 0.413 0.235 0.424 0.196 0.681 0.335 0.218 0.644 0.810 0.098 0.347 0.606 0.927 0.977 0.404 0.868 0.426 0.893 0.404 0.821 0.799 0.614 0.331 0.881 0.016 0.713 0.566 0.707 0.896 0.888 0.779 0.563 0.146 0.507 0.094 0.958 0.309 0.027 
ofv: -1722635.000000
Best time: 0.897
Total time:10.007 


Instance: ../Instances/CKP_Classical_Instances/75/10_70_75
RKO: IPR | 
Sol: 0.836 0.419 0.761 0.420 0.850 0.779 0.697 0.764 0.683 0.811 0.874 0.618 0.451 0.398 0.526 0.673 0.956 0.579 0.567 0.244 0.644 0.961 0.633 0.779 0.619 0.483 0.853 0.690 0.619 0.552 0.923 0.306 0.980 0.349 0.068 0.695 0.222 0.812 0.184 0.837 0.750 0.979 0.466 0.848 0.167 0.521 0.599 0.994 0.274 0.829 0.705 0.742 0.884 0.116 0.620 0.866 0.895 0.223 0.347 0.554 0.254 0.850 0.841 0.909 0.864 0.020 0.589 0.582 0.527 0.901 
ofv: -4867241.000000
Best time: 0.433
Total time:10.024 


Instance: ../Instances/CKP_Classical_Instances/100/1_70_100
RKO: IPR | 
Sol: 0.977 0.541 0.998 0.730 0.985 0.432 0.804 0.700 0.635 0.424 0.255 0.098 0.618 0.570 0.629 0.886 0.707 0.837 0.532 0.977 0.548 0.725 0.146 0.553 0.923 0.519 0.753 0.185 0.379 0.768 0.572 0.793 0.770 0.670 0.822 0.839 0.842 0.389 0.911 0.048 0.157 0.966 0.646 0.521 0.908 0.885 0.399 0.808 0.668 0.614 0.200 0.856 0.606 0.438 0.968 0.718 0.548 0.775 0.437 0.320 0.674 0.957 0.664 0.899 0.769 0.478 0.639 0.563 0.596 0.848 
ofv: -7698810.000000
Best time: 3.490
Total time:10.019 


Instance: ../Instances/CKP_Classical_Instances/100/2_70_100
RKO: IPR | 
Sol: 0.669 0.127 0.313 0.148 0.191 0.902 0.300 0.131 0.819 0.092 0.415 0.575 0.367 0.142 0.391 0.833 0.488 0.007 0.280 0.388 0.498 0.237 0.214 0.493 0.681 0.618 0.363 0.453 0.551 0.519 0.427 0.494 0.296 0.499 0.463 0.512 0.251 0.130 0.238 0.616 0.292 0.654 0.204 0.493 0.200 0.605 0.002 0.871 0.087 0.143 0.182 0.039 0.097 0.203 0.252 0.851 0.764 0.105 0.239 0.957 0.095 0.995 0.195 0.128 0.526 0.170 0.116 0.314 0.140 0.375 
ofv: 385265.000000
Best time: 0.656
Total time:10.033 


Instance: ../Instances/CKP_Classical_Instances/100/3_70_100
RKO: IPR | 
Sol: 0.035 0.622 0.433 0.387 0.150 0.375 0.958 0.080 0.017 0.033 0.685 0.147 0.313 0.815 0.895 0.564 0.333 0.078 0.973 0.096 0.761 0.297 0.757 0.041 0.001 0.326 0.049 0.103 0.694 0.033 0.402 0.443 0.320 0.469 0.267 0.007 0.225 0.212 0.009 0.809 0.927 0.048 0.192 0.282 0.868 0.506 0.530 0.093 0.143 0.260 0.231 0.629 0.406 0.303 0.484 0.391 0.361 0.896 0.147 0.249 0.935 0.049 0.173 0.121 0.397 0.655 0.588 0.455 0.399 0.973 
ofv: -425333.000000
Best time: 0.856
Total time:10.021 


Instance: ../Instances/CKP_Classical_Instances/100/4_70_100
RKO: IPR | 
Sol: 0.378 0.481 0.593 0.022 0.677 0.115 0.749 0.259 0.493 0.066 0.059 0.184 0.753 0.116 0.578 0.183 0.089 0.009 0.586 0.767 0.095 0.210 0.766 0.521 0.093 0.277 0.871 0.891 0.188 0.638 0.790 0.719 0.130 0.671 0.782 0.393 0.836 0.387 0.035 0.894 0.888 0.435 0.398 0.597 0.055 0.257 0.108 0.818 0.498 0.083 0.606 0.990 0.440 0.923 0.768 0.064 0.197 0.247 0.995 0.807 0.903 0.178 0.327 0.548 0.120 0.767 0.029 0.837 0.325 0.709 
ofv: -1575024.000000
Best time: 1.407
Total time:10.018 


Instance: ../Instances/CKP_Classical_Instances/100/5_70_100
RKO: IPR | 
Sol: 0.125 0.216 0.396 0.309 0.869 0.323 0.479 0.122 0.006 0.814 0.131 0.890 0.512 0.056 0.079 0.917 0.397 0.089 0.327 0.035 0.956 0.010 0.033 0.146 0.814 0.138 0.633 0.406 0.782 0.067 0.509 0.075 0.443 0.376 0.779 0.450 0.118 0.163 0.536 0.612 0.271 0.100 0.190 0.245 0.346 0.637 0.659 0.421 0.201 0.010 0.034 0.012 0.189 0.090 0.688 0.969 0.040 0.871 0.028 0.512 0.034 0.195 0.365 0.259 0.104 0.064 0.131 0.959 0.039 0.132 
ofv: 21647294.000000
Best time: 0.588
Total time:10.025 


Instance: ../Instances/CKP_Classical_Instances/100/6_70_100
RKO: IPR | 
Sol: 0.336 0.258 0.233 0.713 0.263 0.420 0.106 0.111 0.140 0.255 0.325 0.827 0.371 0.936 0.618 0.191 0.250 0.282 0.605 0.335 0.208 0.085 0.473 0.086 0.554 0.436 0.294 0.179 0.492 0.037 0.220 0.864 0.381 0.974 0.310 0.067 0.584 0.367 0.252 0.180 0.241 0.817 0.350 0.302 0.037 0.438 0.997 0.200 0.099 0.029 0.086 0.584 0.222 0.038 0.601 0.320 0.488 0.020 0.198 0.199 0.993 0.078 0.198 0.468 0.512 0.409 0.303 0.892 0.040 0.373 
ofv: 32811946.000000
Best time: 0.990
Total time:10.016 


Instance: ../Instances/CKP_Classical_Instances/100/7_70_100
RKO: IPR | 
Sol: 0.732 0.338 0.151 0.956 0.495 0.930 0.563 0.755 0.083 0.285 0.387 0.857 0.711 0.611 0.171 0.982 0.341 0.033 0.229 0.295 0.996 0.683 0.690 0.084 0.096 0.639 0.645 0.022 0.654 0.909 0.711 0.279 0.085 0.452 0.264 0.171 0.845 0.839 0.447 0.383 0.057 0.657 0.982 0.503 0.428 0.251 0.114 0.028 0.753 0.625 0.535 0.970 0.809 0.440 0.394 0.531 0.174 0.211 0.110 0.612 0.156 0.154 0.164 0.246 0.129 0.726 0.135 0.072 0.135 0.191 
ofv: -1285778.000000
Best time: 0.891
Total time:10.017 


Instance: ../Instances/CKP_Classical_Instances/100/8_70_100
RKO: IPR | 
Sol: 0.241 0.651 0.116 0.458 0.269 0.445 0.871 0.263 0.030 0.427 0.189 0.439 0.692 0.298 0.101 0.475 0.495 0.007 0.410 0.513 0.803 0.254 0.191 0.317 0.403 0.968 0.074 0.007 0.038 0.119 0.082 0.635 0.381 0.769 0.481 0.108 0.003 0.722 0.278 0.457 0.412 0.555 0.241 0.230 0.421 0.444 0.079 0.158 0.420 0.551 0.561 0.228 0.031 0.717 0.415 0.009 0.109 0.225 0.332 0.249 0.988 0.589 0.042 0.632 0.247 0.915 0.037 0.419 0.981 0.062 
ofv: -260001.000000
Best time: 0.567
Total time:10.014 


Instance: ../Instances/CKP_Classical_Instances/100/9_70_100
RKO: IPR | 
Sol: 0.699 0.318 0.698 0.553 0.611 0.705 0.580 0.597 0.994 0.758 0.362 0.642 0.863 0.476 0.579 0.521 0.325 0.079 0.906 0.928 0.636 0.626 0.760 0.255 0.580 0.964 0.278 0.794 0.527 0.974 0.513 0.936 0.104 0.597 0.398 0.898 0.670 0.530 0.268 0.714 0.987 0.642 0.956 0.022 0.798 0.749 0.809 0.659 0.667 0.428 0.546 0.641 0.529 0.347 0.610 0.834 0.415 0.692 0.427 0.520 0.868 0.900 0.566 0.541 0.505 0.375 0.375 0.838 0.692 0.546 
ofv: -7242959.000000
Best time: 0.390
Total time:10.018 


Instance: ../Instances/CKP_Classical_Instances/100/10_70_100
RKO: IPR | 
Sol: 0.372 0.360 0.545 0.403 0.680 0.403 0.144 0.557 0.960 0.446 0.674 0.728 0.064 0.179 0.628 0.271 0.464 0.931 0.520 0.086 0.451 0.173 0.867 0.112 0.396 0.539 0.511 0.174 0.611 0.556 0.603 0.628 0.937 0.157 0.563 0.667 0.890 0.925 0.318 0.393 0.500 0.224 0.354 0.519 0.756 0.436 0.687 0.720 0.838 0.984 0.980 0.126 0.501 0.385 0.994 0.349 0.361 0.835 0.047 0.097 0.202 0.569 0.227 0.379 0.149 0.779 0.358 0.514 0.543 0.557 
ofv: -2240214.000000
Best time: 0.395
Total time:10.056 
